255 255 255
238 238 255
237 237 255
236 236 255
234 234 255
233 233 255
232 232 255
231 231 255
231 231 255
230 230 255
229 229 255
228 228 255
226 226 255
225 225 255
224 224 255
223 223 255
223 223 255
222 222 255
221 221 255
220 220 255
218 218 255
217 217 255
216 216 255
215 215 255
215 215 255
214 214 255
213 213 255
212 212 255
210 210 255
209 209 255
208 208 255
207 207 255
207 207 255
206 206 255
205 205 255
204 204 255
202 202 255
201 201 255
200 200 255
199 199 255
199 199 255
198 198 255
197 197 255
196 196 255
194 194 255
193 193 255
192 192 255
191 191 255
174 174 255
173 173 255
172 172 255
170 170 255
169 169 255
168 168 255
167 167 255
167 167 255
166 166 255
165 165 255
164 164 255
162 162 255
161 161 255
160 160 255
159 159 255
159 159 255
158 158 255
157 157 255
156 156 255
154 154 255
153 153 255
152 152 255
151 151 255
151 151 255
150 150 255
149 149 255
148 148 255
146 146 255
145 145 255
144 144 255
143 143 255
143 143 255
142 142 255
141 141 255
140 140 255
138 138 255
137 137 255
136 136 255
135 135 255
135 135 255
134 134 255
133 133 255
132 132 255
130 130 255
129 129 255
128 128 255
127 127 255
110 110 255
108 108 255
107 107 255
107 107 255
106 106 255
104 104 255
103 103 255
103 103 255
102 102 255
100 100 255
99 99 255
99 99 255
98 98 255
96 96 255
95 95 255
95 95 255
94 94 255
92 92 255
91 91 255
91 91 255
90 90 255
88 88 255
87 87 255
87 87 255
86 86 255
84 84 255
83 83 255
83 83 255
82 82 255
80 80 255
79 79 255
79 79 255
78 78 255
76 76 255
75 75 255
75 75 255
74 74 255
72 72 255
71 71 255
71 71 255
70 70 255
68 68 255
67 67 255
67 67 255
66 66 255
64 64 255
63 63 255
45 45 255
45 45 255
43 43 255
43 43 255
41 41 255
41 41 255
39 39 255
39 39 255
37 37 255
37 37 255
35 35 255
35 35 255
33 33 255
33 33 255
31 31 255
30 30 255
29 29 255
28 28 255
27 27 255
26 26 255
25 25 255
24 24 255
23 23 255
22 22 255
21 21 255
20 20 255
19 19 255
18 18 255
17 17 255
16 16 255
15 15 255
14 14 255
13 13 255
12 12 255
11 11 255
10 10 255
9 9 255
8 8 255
7 7 255
6 6 255
5 5 255
4 4 255
3 3 255
2 2 255
1 1 255
0 0 255
0 0 255